Wellhead at [0,0]
East (m) North(m) Depth(m)
0.000000 0.000000 0.000000
0.003048 0.000000 3.048000
0.006096 0.003048 6.096000
0.015240 0.006096 9.144000
0.027432 0.012192 12.192000
0.042672 0.021336 15.240000
0.060960 0.030480 18.288000
0.082296 0.039624 21.336000
0.106680 0.051816 24.384000
0.137160 0.064008 27.432000
0.167640 0.079248 30.480000
0.204216 0.097536 33.528000
0.240792 0.115824 36.576000
0.283464 0.137160 39.624000
0.329184 0.158496 42.672000
0.377952 0.182880 45.720000
0.429768 0.207264 48.768000
0.484632 0.234696 51.816000
0.542544 0.262128 54.864000
0.603504 0.289560 57.912000
0.664464 0.320040 60.960000
0.728472 0.347472 64.008000
0.795528 0.377952 67.056000
0.859536 0.402336 70.104000
0.923544 0.426720 73.152000
0.993648 0.448056 76.200000
1.063752 0.466344 79.248000
1.133856 0.481584 82.296000
1.203960 0.493776 85.344000
1.274064 0.505968 88.392000
1.344168 0.518160 91.440000
1.411224 0.527304 94.488000
1.481328 0.539496 97.536000
1.548384 0.548640 100.584000
1.618488 0.554736 103.632000
1.688592 0.560832 106.680000
1.758696 0.566928 109.728000
1.831848 0.569976 112.776000
1.901952 0.576072 115.824000
1.972056 0.579120 118.872000
2.045208 0.585216 121.920000
2.121408 0.588264 124.968000
2.203704 0.591312 128.016000
2.282952 0.594360 131.064000
2.368296 0.594360 134.112000
2.450592 0.591312 137.160000
2.529840 0.591312 140.208000
2.612136 0.585216 143.256000
2.694432 0.582168 146.304000
2.779776 0.579120 149.352000
2.865120 0.579120 152.400000
2.953512 0.576072 155.448000
3.041904 0.569976 158.496000
3.130296 0.566928 161.544000
3.218688 0.560832 164.592000
3.310128 0.554736 167.640000
3.401568 0.548640 170.688000
3.493008 0.542544 173.736000
3.590544 0.533400 176.784000
3.688080 0.527304 179.832000
3.791712 0.521208 182.880000
3.901440 0.509016 185.928000
4.008120 0.499872 188.976000
4.117848 0.487680 192.024000
4.227576 0.478536 195.072000
4.334256 0.469392 198.120000
4.440936 0.457200 201.168000
4.547616 0.448056 204.216000
4.654296 0.438912 207.264000
4.764024 0.426720 210.312000
4.873752 0.411480 213.360000
4.983480 0.399288 216.408000
5.093208 0.387096 219.456000
5.202936 0.371856 222.504000
5.315712 0.359664 225.552000
5.428488 0.347472 228.600000
5.544312 0.335280 231.648000
5.657088 0.323088 234.696000
5.769864 0.310896 237.744000
5.882640 0.295656 240.792000
5.998464 0.283464 243.840000
6.117336 0.271272 246.888000
6.233160 0.259080 249.936000
6.352032 0.246888 252.984000
6.470904 0.234696 256.032000
6.589776 0.219456 259.080000
6.708648 0.207264 262.128000
6.827520 0.195072 265.176000
6.943344 0.182880 268.224000
7.059168 0.167640 271.272000
7.174992 0.152400 274.320000
7.290816 0.137160 277.368000
7.406640 0.124968 280.416000
7.522464 0.109728 283.464000
7.638288 0.097536 286.512000
7.754112 0.085344 289.560000
7.869936 0.070104 292.608000
7.982712 0.051816 295.656000
8.095488 0.033528 298.704000
8.205216 0.018288 301.752000
8.311896 0.000000 304.800000
8.418576 -0.021336 307.848000
8.525256 -0.039624 310.896000
8.628888 -0.060960 313.944000
8.729472 -0.079248 316.992000
8.830056 -0.097536 320.040000
8.927592 -0.112776 323.088000
9.025128 -0.124968 326.136000
9.116568 -0.140208 329.184000
9.208008 -0.158496 332.232000
9.299448 -0.179832 335.280000
9.387840 -0.201168 338.328000
9.470136 -0.219456 341.376000
9.549384 -0.237744 344.424000
9.625584 -0.256032 347.472000
9.704832 -0.271272 350.520000
9.777984 -0.292608 353.568000
9.851136 -0.307848 356.616000
9.924288 -0.323088 359.664000
9.997440 -0.338328 362.712000
10.067544 -0.353568 365.760000
10.140696 -0.368808 368.808000
10.213848 -0.384048 371.856000
10.287000 -0.399288 374.904000
10.357104 -0.417576 377.952000
10.427208 -0.432816 381.000000
10.500360 -0.451104 384.048000
10.570464 -0.469392 387.096000
10.640568 -0.490728 390.144000
10.713720 -0.509016 393.192000
10.786872 -0.527304 396.240000
10.860024 -0.545592 399.288000
10.933176 -0.560832 402.336000
11.006328 -0.576072 405.384000
11.082528 -0.591312 408.432000
11.158728 -0.603504 411.480000
11.231880 -0.612648 414.528000
11.305032 -0.624840 417.576000
11.378184 -0.633984 420.624000
11.457432 -0.643128 423.672000
11.533632 -0.655320 426.720000
11.612880 -0.664464 429.768000
11.692128 -0.673608 432.816000
11.768328 -0.682752 435.864000
11.844528 -0.691896 438.912000
11.923776 -0.701040 441.960000
11.999976 -0.707136 445.008000
12.079224 -0.716280 448.056000
12.158472 -0.725424 451.104000
12.240768 -0.734568 454.152000
12.320016 -0.743712 457.200000
12.396216 -0.752856 460.248000
12.475464 -0.758952 463.296000
12.554712 -0.762000 466.344000
12.633960 -0.768096 469.392000
12.719304 -0.771144 472.440000
12.801600 -0.777240 475.488000
12.886944 -0.780288 478.536000
12.972288 -0.783336 481.584000
13.054584 -0.789432 484.632000
13.136880 -0.792480 487.680000
13.219176 -0.795528 490.728000
13.301472 -0.798576 493.776000
13.383768 -0.801624 496.824000
13.466064 -0.804672 499.872000
13.548360 -0.807720 502.920000
13.633704 -0.807720 505.968000
13.719048 -0.810768 509.016000
13.804392 -0.816864 512.064000
13.886688 -0.822960 515.112000
13.972032 -0.829056 518.160000
14.054328 -0.838200 521.208000
14.139672 -0.850392 524.256000
14.221968 -0.859536 527.304000
14.304264 -0.871728 530.352000
14.386560 -0.883920 533.400000
14.468856 -0.896112 536.448000
14.551152 -0.911352 539.496000
14.633448 -0.923544 542.544000
14.718792 -0.941832 545.592000
14.804136 -0.963168 548.640000
14.889480 -0.981456 551.688000
14.977872 -1.005840 554.736000
15.066264 -1.033272 557.784000
15.154656 -1.063752 560.832000
15.243048 -1.091184 563.880000
15.331440 -1.124712 566.928000
15.419832 -1.155192 569.976000
15.514320 -1.188720 573.024000
15.608808 -1.225296 576.072000
15.706344 -1.258824 579.120000
15.803880 -1.295400 582.168000
15.901416 -1.331976 585.216000
15.995904 -1.368552 588.264000
16.093440 -1.402080 591.312000
16.187928 -1.435608 594.360000
16.282416 -1.469136 597.408000
16.376904 -1.496568 600.456000
16.471392 -1.527048 603.504000
16.565880 -1.554480 606.552000
16.660368 -1.578864 609.600000
16.751808 -1.606296 612.648000
16.846296 -1.630680 615.696000
16.940784 -1.655064 618.744000
17.035272 -1.682496 621.792000
17.132808 -1.706880 624.840000
17.230344 -1.731264 627.888000
17.327880 -1.755648 630.936000
17.425416 -1.783080 633.984000
17.526000 -1.810512 637.032000
17.623536 -1.837944 640.080000
17.721072 -1.862328 643.128000
17.818608 -1.886712 646.176000
17.919192 -1.911096 649.224000
18.019776 -1.935480 652.272000
18.120360 -1.959864 655.320000
18.220944 -1.984248 658.368000
18.321528 -2.008632 661.416000
18.422112 -2.033016 664.464000
18.525744 -2.057400 667.512000
18.626328 -2.078736 670.560000
18.729960 -2.097024 673.608000
18.830544 -2.115312 676.656000
18.934176 -2.130552 679.704000
19.034760 -2.148840 682.752000
19.132296 -2.161032 685.800000
19.232880 -2.179320 688.848000
19.330416 -2.191512 691.896000
19.424904 -2.206752 694.944000
19.522440 -2.218944 697.992000
19.616928 -2.231136 701.040000
19.711416 -2.243328 704.088000
19.805904 -2.252472 707.136000
19.903440 -2.258568 710.184000
19.997928 -2.264664 713.232000
20.095464 -2.270760 716.280000
20.189952 -2.273808 719.328000
20.281392 -2.273808 722.376000
20.375880 -2.273808 725.424000
20.467320 -2.273808 728.472000
20.561808 -2.273808 731.520000
20.656296 -2.273808 734.568000
20.750784 -2.270760 737.616000
20.848320 -2.270760 740.664000
20.945856 -2.267712 743.712000
21.043392 -2.261616 746.760000
21.140928 -2.255520 749.808000
21.235416 -2.249424 752.856000
21.332952 -2.246376 755.904000
21.430488 -2.237232 758.952000
21.528024 -2.228088 762.000000
21.625560 -2.221992 765.048000
21.720048 -2.209800 768.096000
21.817584 -2.200656 771.144000
21.915120 -2.194560 774.192000
22.012656 -2.185416 777.240000
22.110192 -2.176272 780.288000
22.210776 -2.167128 783.336000
22.308312 -2.161032 786.384000
22.408896 -2.148840 789.432000
22.503384 -2.139696 792.480000
22.591776 -2.130552 795.528000
22.677120 -2.121408 798.576000
22.759416 -2.115312 801.624000
22.835616 -2.109216 804.672000
22.908768 -2.103120 807.720000
22.975824 -2.097024 810.768000
23.039832 -2.093976 813.816000
23.100792 -2.087880 816.864000
23.158704 -2.078736 819.912000
23.216616 -2.069592 822.960000
23.274528 -2.060448 826.008000
23.329392 -2.051304 829.056000
23.384256 -2.042160 832.104000
23.442168 -2.033016 835.152000
23.497032 -2.026920 838.200000
23.548848 -2.020824 841.248000
23.600664 -2.017776 844.296000
23.652480 -2.011680 847.344000
23.704296 -2.008632 850.392000
23.756112 -2.002536 853.440000
23.804880 -1.999488 856.488000
23.853648 -1.999488 859.536000
23.902416 -1.999488 862.584000
23.948136 -1.999488 865.632000
23.996904 -1.996440 868.680000
24.045672 -1.996440 871.728000
24.091392 -1.993392 874.776000
24.137112 -1.993392 877.824000
24.173688 -1.996440 880.872000
24.207216 -2.005584 883.920000
24.237696 -2.014728 886.968000
24.268176 -2.026920 890.016000
24.298656 -2.039112 893.064000
24.329136 -2.048256 896.112000
24.359616 -2.060448 899.160000
24.387048 -2.072640 902.208000
24.417528 -2.084832 905.256000
24.448008 -2.097024 908.304000
24.478488 -2.112264 911.352000
24.505920 -2.127504 914.400000
24.536400 -2.139696 917.448000
24.563832 -2.154936 920.496000
24.591264 -2.167128 923.544000
24.618696 -2.179320 926.592000
24.643080 -2.191512 929.640000
24.667464 -2.203704 932.688000
24.691848 -2.215896 935.736000
24.713184 -2.228088 938.784000
24.734520 -2.243328 941.832000
24.755856 -2.258568 944.880000
24.774144 -2.276856 947.928000
24.792432 -2.298192 950.976000
24.810720 -2.319528 954.024000
24.829008 -2.343912 957.072000
24.844248 -2.371344 960.120000
24.856440 -2.401824 963.168000
24.868632 -2.432304 966.216000
24.880824 -2.465832 969.264000
24.893016 -2.496312 972.312000
24.911304 -2.526792 975.360000
24.935688 -2.557272 978.408000
24.963120 -2.584704 981.456000
24.993600 -2.609088 984.504000
25.033224 -2.630424 987.552000
25.078944 -2.651760 990.600000
25.127712 -2.676144 993.648000
25.185624 -2.697480 996.696000
25.249632 -2.724912 999.744000
25.313640 -2.749296 1002.792000
25.386792 -2.773680 1005.840000
25.459944 -2.801112 1008.888000
25.539192 -2.831592 1011.936000
25.618440 -2.865120 1014.984000
25.700736 -2.901696 1018.032000
25.786080 -2.938272 1021.080000
25.871424 -2.974848 1024.128000
25.959816 -3.014472 1027.176000
26.051256 -3.054096 1030.224000
26.145744 -3.093720 1033.272000
26.243280 -3.130296 1036.320000
26.343864 -3.163824 1039.368000
26.444448 -3.194304 1042.416000
26.545032 -3.224784 1045.464000
26.648664 -3.255264 1048.512000
26.755344 -3.285744 1051.560000
26.868120 -3.313176 1054.608000
26.980896 -3.340608 1057.656000
27.099768 -3.371088 1060.704000
27.218640 -3.401568 1063.752000
27.343608 -3.432048 1066.800000
27.468576 -3.459480 1069.848000
27.596592 -3.480816 1072.896000
27.724608 -3.499104 1075.944000
27.855672 -3.514344 1078.992000
27.989784 -3.523488 1082.040000
28.129992 -3.526536 1085.088000
28.273248 -3.523488 1088.136000
28.422600 -3.514344 1091.184000
28.578048 -3.499104 1094.232000
28.739592 -3.471672 1097.280000
28.907232 -3.435096 1100.328000
29.084016 -3.386328 1103.376000
29.263848 -3.325368 1106.424000
29.452824 -3.249168 1109.472000
29.641800 -3.163824 1112.520000
29.824680 -3.063240 1115.568000
30.007560 -2.953512 1118.616000
30.187392 -2.831592 1121.664000
30.367224 -2.694432 1124.712000
30.544008 -2.545080 1127.760000
30.714696 -2.386584 1130.808000
30.885384 -2.212848 1133.856000
31.056072 -2.036064 1136.904000
31.223712 -1.850136 1139.952000
31.391352 -1.664208 1143.000000
31.555944 -1.478280 1146.048000
31.720536 -1.292352 1149.096000
31.879032 -1.103376 1152.144000
32.040576 -0.917448 1155.192000
32.196024 -0.728472 1158.240000
32.351472 -0.542544 1161.288000
32.497776 -0.356616 1164.336000
32.641032 -0.170688 1167.384000
32.775144 0.015240 1170.432000
32.906208 0.198120 1173.480000
33.031176 0.381000 1176.528000
33.150048 0.563880 1179.576000
33.262824 0.749808 1182.624000
33.369504 0.935736 1185.672000
33.473136 1.124712 1188.720000
33.570672 1.316736 1191.768000
33.665160 1.505712 1194.816000
33.759648 1.697736 1197.864000
33.851088 1.892808 1200.912000
33.942528 2.087880 1203.960000
34.027872 2.279904 1207.008000
34.110168 2.474976 1210.056000
34.186368 2.667000 1213.104000
34.259520 2.862072 1216.152000
34.329624 3.057144 1219.200000
34.399728 3.249168 1222.248000
34.463736 3.441192 1225.296000
34.530792 3.630168 1228.344000
34.594800 3.825240 1231.392000
34.664904 4.017264 1234.440000
34.735008 4.209288 1237.488000
34.808160 4.398264 1240.536000
34.881312 4.590288 1243.584000
34.957512 4.782312 1246.632000
35.030664 4.977384 1249.680000
35.106864 5.169408 1252.728000